Epoch: (8)
===========
Loss: -1.62746
MAE: 47.33169
ABSREL: 0.25277
MSE: 8226.62935
RMSE: 89.56125
DELTA1: 71.73110
DELTA2: 88.56138
DELTA3: 94.53349
GPU_time: 0.04607
DATA_time: 0.04045
